pesit: 12.9342678, 77.53432629999998
pesse: 12.8614515, 77.66470809999998
rvce: 12.9247501, 77.49875709999992
bmsce: 12.9404973, 77.56568749999997